0.,27.45142125485225,39.72016001475545,66.9000896879109,49.30451724581516,83.56274461131842,59.579627574358334,34.20115599678763,13.671489189541454,24.713175282310694,29.466824412274686,52.6617351602622,78.98586371733609,72.63492859048121,79.51826240318584,46.73605180228111,30.822127063625302,17.569840901492118,26.739735814904712,44.20232022482821,53.56732270825878,41.70567587345617,49.60637690835026,70.70794124341533,89.84882083259605,98.7580374390643,72.25524391368117,69.09441870166947,44.39653137283265,69.81279664359064,120.78508034594864,149.7466653849662,150.45842995266077,124.94353225207462,154.08149953811235,145.0902947345373,131.1157507212299,148.10778442403804,140.54009713460928,142.03830737852357,147.12843359858238,161.4543353310154,154.14666134995664,147.9796086284803
27.45142125485225,0.,13.784786931115095,42.8860449995373,32.06601229257881,60.02220312246453,38.62736023836191,13.588318783127104,23.652325095418306,38.46507411179728,24.55847209208791,53.0348412543807,84.33544088775983,83.2072918123804,99.06622274336317,70.81040064400156,44.85568253684556,44.75062314038705,53.34812645046418,71.48934878226935,80.93777857326027,68.18364595681524,70.84706680319067,87.91141469939299,103.1094592001436,116.30820155636133,90.65260486850656,90.49442067541635,71.80640642531068,96.73078637066259,147.92894430400534,176.41161106342847,175.8030098698811,149.56200196560818,178.88660156011045,171.78142178094066,157.37282151403994,175.0343596259118,166.7215438085851,169.02657705031558,174.48422721496598,188.90562031846125,181.58633139646236,175.4055403450506
39.72016001475545,13.784786931115095,0.,29.146239176079554,22.28288839320834,46.28242056778212,25.980146163796746,9.101909409148083,32.341042030755915,44.51449849805391,25.57519904270592,50.67834462531662,82.45452116962667,84.01367432358488,104.19954347717655,79.36264869519158,50.097685989894494,56.24383960368223,66.24862831018956,83.89501239072904,92.36232753123745,78.54212139117733,77.74097308458776,92.01828639773395,104.67386317494733,119.9512261222152,95.33615488448669,96.9130536750777,83.4057925868097,107.27294610349558,160.49613696879194,189.38943345685362,189.29509165186158,163.18220079742423,192.48917232886382,184.7415909683983,170.55994748081898,187.81999835380282,179.94450360882013,181.75683831184847,186.69329217740608,200.61674521716807,193.08758525186346,186.81837742398432
66.9000896879109,42.8860449995373,29.146239176079554,0.,22.83362245230089,17.137592103230883,11.545622304400219,32.70107509934394,56.557881904921636,63.854195630357424,43.28429227915745,54.903315427410305,83.17511570723177,90.09255167461012,117.3262192448672,99.57716083896992,67.51709117025763,81.83867735760724,93.62308905939007,110.2332348611584,116.92051031096528,101.69219746978526,95.30421631455775,103.84101787623297,110.91521568483932,129.6135223103398,108.04408358121471,112.69731860355554,108.42456265358771,130.03095457933009,186.5559246599154,216.23004126784934,217.33346002839534,191.5819332877137,220.81582839236737,211.55433490365428,197.9076018488733,214.24549742993693,207.3540586133904,208.08114774769155,211.90670328691425,224.7430209940289,216.81966155767668,210.40450368376798
49.30451724581516,32.06601229257881,22.28288839320834,22.83362245230089,0.,36.587580160341425,11.94725169987732,18.52311407890604,37.02024133933085,41.69694513325872,21.84280671911108,33.76970283182469,64.30194953843333,69.03668832800813,94.75045185176317,77.1275044587214,44.89544054496815,62.05947827070565,75.28688707718254,90.49438147026913,95.85451358699291,80.11154427078766,72.52223805781492,81.41100486515019,90.0094819225223,107.78261151754874,85.49332244556979,89.87776668905452,87.72493732446624,108.07364806360741,166.03178050996274,196.2696732836333,198.85635600200783,173.8794754803823,202.84843125105996,191.5815222583898,178.5465263718476,193.92008514336047,188.03193650878168,187.6908612339829,190.74409440735116,203.01052759507306,194.94184143017335,188.48341203838902
83.56274461131842,60.02220312246453,46.28242056778212,17.137592103230883,36.587580160341425,0.,24.77232956206809,49.47063058436015,72.59857615143012,78.25774508566165,58.28642888463166,64.01232662360529,88.46784602992913,97.87000429458422,127.75945297141641,113.4484735146656,81.12642228963333,97.91004920578986,110.21022617703832,126.38530918990676,132.34834324500247,116.69357243296189,108.16901342690535,113.95830817915899,118.08556420369551,138.1131925124126,118.47497872433794,124.44794476570206,124.0868826349698,144.62706971556372,202.37655734171142,232.3636619596624,234.0096702396098,208.42769931599474,237.61868072494096,227.68025373234138,214.28940248625975,230.19024335499822,223.75495702596086,223.98746656872157,227.2913692807138,239.5868499446523,231.49258617511094,225.0239213153612
59.579627574358334,38.62736023836191,25.980146163796746,11.545622304400219,11.94725169987732,24.77232956206809,0.,26.257170068075315,48.04458061497291,53.62157729626569,33.51455808972821,43.38251527025808,72.12745011308162,78.61745031931936,105.85322219402472,89.07167650788128,56.822185298822845,73.30538506149081,86.00929873989354,101.78629032636717,107.57607967784416,91.9522338350027,84.3444733716401,92.33206929738142,99.47607330630917,118.07315900690988,96.56512701354674,101.43466130120784,99.33298698928095,119.9928423586587,177.63346803063766,207.7090127795673,209.78630818077383,184.50261207709406,213.59079197968472,203.02330714030182,189.7808373372068,205.47139875713984,199.25712530818248,199.25978231717056,202.52252577004612,214.9065963603246,206.85884212387722,200.40560811830593
34.20115599678763,13.588318783127104,9.101909409148083,32.70107509934394,18.52311407890604,49.47063058436015,26.257170068075315,0.,24.75352127090264,35.73848709839047,16.47405907939639,42.43551711319638,74.21068785950007,75.15414888953403,95.13324095068249,70.99083433338379,41.14113479542253,49.61810681038688,60.93219958811414,77.81163188047292,85.35946675756429,70.9473709094187,68.9415481876855,82.9176139021568,95.73252952655457,110.85567096504592,86.25019766237762,87.99014098853863,76.58693626166178,99.64708546679157,154.33445025603828,183.72534176029117,184.63648219950906,158.95962231526923,188.16390341149082,179.05694998732483,165.26463318489772,181.88812190613547,174.7014078428176,175.76112181392995,180.115748897427,193.59032704741333,185.91000552890313,179.58408992278873
13.671489189541454,23.652325095418306,32.341042030755915,56.557881904921636,37.02024133933085,72.59857615143012,48.04458061497291,24.75352127090264,0.,15.707074096695825,16.074350611536932,39.71742609055332,67.79422890291072,63.413310035838684,75.78178885277389,47.42574749400559,22.382415736684557,25.318912761147423,38.31593769504374,53.787002241348425,60.64320455176144,46.26655295362777,47.21143483157019,65.20702096649086,82.13604298640671,93.6582842859259,67.61032273507476,66.88868894576804,51.957522404624484,74.9938772128526,129.99822892624672,159.7781977038619,161.85170462020164,136.8913306017185,165.83139010111265,155.09667627460186,141.7384413446106,157.70305334659628,151.21351742234765,151.53016377619124,155.50667664572316,168.84470949819948,161.15660081112372,154.83289835882587
24.713175282310694,38.46507411179728,44.51449849805391,63.854195630357424,41.69694513325872,78.25774508566165,53.62157729626569,35.73848709839047,15.707074096695825,0.,20.72718879495938,30.421855161449297,54.331753237347435,48.29244973533693,60.612735431347495,35.83076173268302,6.68341869018744,25.58447132223922,40.93930939137127,51.79996386126498,54.8405742289844,38.648363539501474,33.227045082468436,49.61411377148192,66.54012640869763,78.06456699276094,52.204574183232,52.504016876707304,47.35993324498891,66.37690354517086,125.22865270947621,155.97857868165508,160.46634689105952,136.88723475758255,165.16126045766038,151.29320406607852,139.08152496172067,153.23798980349218,148.56084132391084,146.95899791362822,149.3333874557148,161.33060999259752,153.2452251562353,146.78670908219746
29.466824412274686,24.55847209208791,25.57519904270592,43.28429227915745,21.84280671911108,58.28642888463166,33.51455808972821,16.47405907939639,16.074350611536932,20.72718879495938,0.,28.681114123244136,59.77927774681892,59.226400960154955,78.77693658155098,56.55782058568802,25.285387741650396,40.41307342759356,54.20236729634225,68.75870875823082,74.06424929717006,58.499233347451295,53.37043350958883,66.45513630834081,79.58146329382336,94.38658393640756,69.83875646289526,72.02431722861313,65.88454478927488,86.74876506099315,144.1929624962827,174.44101641971542,177.3277468242383,152.65618879556274,181.48490054533386,169.7524752157967,156.80680768845392,172.07730385094806,166.29545790726988,165.84869491247463,169.00987537719809,181.52884256541773,173.56002485409792,167.13509911964317
52.6617351602622,53.0348412543807,50.67834462531662,54.903315427410305,33.76970283182469,64.01232662360529,43.38251527025808,42.43551711319638,39.71742609055332,30.421855161449297,28.681114123244136,0.,31.791991997673698,35.33113368758001,63.806701478159994,56.02355183260691,27.864024913707727,55.92498804576012,71.3099389681439,80.5765516232057,80.7115842451345,64.0396856636275,47.93635234927043,49.962895961051856,56.280442805557776,74.75158287737054,54.54634232820786,61.51243546043036,74.69646803033027,88.14622118134055,149.99169309777432,181.39074591839633,188.00497851308828,165.5166277178799,193.19622009579865,176.74824998437558,165.74801452428596,177.96763296895378,175.1415484376658,171.64262273643757,172.03323910427545,181.9261018483341,173.32907273233553,166.7580173455156
78.98586371733609,84.33544088775983,82.45452116962667,83.17511570723177,64.30194953843333,88.46784602992913,72.12745011308162,74.21068785950007,67.79422890291072,54.331753237347435,59.77927774681892,31.791991997673698,0.,16.292437063023648,50.61463113364385,62.61889545381345,48.77054903579165,76.50983055398565,91.13091467662463,94.71399439678139,89.8720316436917,74.75866972359438,51.86058058142692,38.3240702603127,31.043424458856254,52.92244908564769,43.25237732489985,55.01181920058357,86.75094160596316,90.94495777771844,153.15670947455936,184.73780707722293,195.2930157986313,175.81875056184543,201.50742209248995,180.28130904036246,171.76115957592515,180.2458007165655,180.75837201177856,174.01034046633887,171.33116974051063,178.0075555820088,168.97590459490283,162.46181489250327
72.63492859048121,83.2072918123804,84.01367432358488,90.09255167461012,69.03668832800813,97.87000429458422,78.61745031931936,75.15414888953403,63.413310035838684,48.29244973533693,59.226400960154955,35.33113368758001,16.292437063023648,0.,34.718965709361875,48.3810262709317,41.861836345544354,66.87289789594897,80.51989167141367,81.6908228178799,75.4529635799594,61.222808232184505,37.506453562341115,22.047839482568637,20.976918883841957,40.33141076945754,27.008569833552652,38.743377827081744,73.2457834395893,75.20816136811679,137.14818318126197,168.68676508656,179.71341722313352,160.86915751187342,186.0829071110658,164.25483392122194,156.05051656257254,164.11184709576023,164.97007849014656,157.8915810566382,155.0559903549074,161.74984130505007,152.72959951513332,146.20880803146022
79.51826240318584,99.06622274336317,104.19954347717655,117.3262192448672,94.75045185176317,127.75945297141641,105.85322219402472,95.13324095068249,75.78178885277389,60.612735431347495,78.77693658155098,63.806701478159994,50.61463113364385,34.718965709361875,0.,36.52641194552908,54.39037149417651,66.6220716543923,75.38260659922466,68.35766409605648,56.99860542645495,49.059582975865254,30.05553269357862,13.923480877915447,27.530554848488574,20.718532643237005,9.298852949466475,12.787750280976322,59.10388958063325,49.266238953849644,107.26128546159728,138.21905308869816,151.816721757552,136.06726482331317,158.86342697569526,133.9858293415525,127.73241359800909,133.06321700384356,136.13161308913755,127.00401513104482,122.53449307596246,127.90282036857403,118.80481882598622,112.3444772000914
46.73605180228111,70.81040064400156,79.36264869519158,99.57716083896992,77.1275044587214,113.4484735146656,89.07167650788128,70.99083433338379,47.42574749400559,35.83076173268302,56.55782058568802,56.02355183260691,62.61889545381345,48.3810262709317,36.52641194552908,0.,32.32457274909859,31.34216884318109,38.85624019483782,34.12562292974366,27.253136581012726,13.49733176873642,10.875343767307019,33.46059157982572,56.372265516542335,57.19822894232065,32.27345892234467,24.241780710528037,25.20108252998181,32.17829857958454,94.1222588752671,125.64416430648176,133.7862599417101,113.32256006028442,139.60318434675565,121.03044079172993,110.8126461994855,122.03400839892356,120.07615128615522,115.70891589954509,116.11585642908618,126.76963517360244,118.42168757845586,111.89708675842368
30.822127063625302,44.85568253684556,50.097685989894494,67.51709117025763,44.89544054496815,81.12642228963333,56.822185298822845,41.14113479542253,22.382415736684557,6.68341869018744,25.285387741650396,27.864024913707727,48.77054903579165,41.861836345544354,54.39037149417651,32.32457274909859,0.,28.78808784935401,44.08899846490881,52.76544829400881,53.98144947334956,37.37634663018279,28.102808138384592,43.07997477617134,59.87682847641069,71.51315617032081,45.8236026969751,46.85362134482758,47.27828864379963,63.9059089747076,124.13607311514865,155.20677499307962,160.73263795081138,137.81971972277583,165.71966425114846,150.5340506137992,138.8688597022483,152.17866908665772,148.3162253565199,145.87204146019153,147.5138184414847,158.8607706872645,150.61000691089788,144.10538717686507
17.569840901492118,44.75062314038705,56.24383960368223,81.83867735760724,62.05947827070565,97.91004920578986,73.30538506149081,49.61810681038688,25.318912761147423,25.58447132223922,40.41307342759356,55.92498804576012,76.50983055398565,66.87289789594897,66.6220716543923,31.34216884318109,28.78808784935401,0.,15.388822185927564,28.48183925605688,36.21893469182921,24.347804341097376,36.77279218358785,59.99084960074512,81.24003331877093,86.80080500687276,60.52079737499584,55.10249220245533,27.17268807140686,52.243704303938095,104.7543257899447,134.45969698886876,136.91939076719692,112.45851296176093,141.15201693201243,129.7779514571778,116.50090895527659,132.40682902521036,125.98333758959699,126.24585654149443,130.54188997189044,144.39524510241836,136.9450892610281,130.72436060590874
26.739735814904712,53.34812645046418,66.24862831018956,93.62308905939007,75.28688707718254,110.21022617703832,86.00929873989354,60.93219958811414,38.31593769504374,40.93930939137127,54.20236729634225,71.3099389681439,91.13091467662463,80.51989167141367,75.38260659922466,38.85624019483782,44.08899846490881,15.388822185927564,0.,18.942360423586297,31.655933725112533,27.271076780610578,47.04853452418269,70.96243992645563,93.1940118850571,96.04525378955421,70.62580560829389,62.98764194838186,22.83166910556432,49.7849488235149,94.64428022752394,123.14579829384039,123.80948989699195,98.5925897682228,127.5986977242759,118.50199363154661,104.3892285207658,121.6874667823698,113.80682868519675,115.67977856910261,121.50152749028098,136.64221767569376,129.75385098242938,123.79180751918021
44.20232022482821,71.48934878226935,83.89501239072904,110.2332348611584,90.49438147026913,126.38530918990676,101.78629032636717,77.81163188047292,53.787002241348425,51.79996386126498,68.75870875823082,80.5765516232057,94.71399439678139,81.6908228178799,68.35766409605648,34.12562292974366,52.76544829400881,28.48183925605688,18.942360423586297,0.,14.71685802218057,20.67916710518877,44.64014224835778,67.46377431901931,90.41608603717154,88.8658764174969,65.79559802957652,55.572748532880624,9.259814227510299,32.842613153883214,76.60735254131659,106.00544082073989,108.81482668423907,85.13673212785403,113.37336251757557,101.32689871447917,88.05420492279397,104.07668968834815,97.54122205931635,97.95719428404846,103.00017008603587,117.81239199507472,110.84590197142883,104.8622011209687
53.56732270825878,80.93777857326027,92.36232753123745,116.92051031096528,95.85451358699291,132.34834324500247,107.57607967784416,85.35946675756429,60.64320455176144,54.8405742289844,74.06424929717006,80.7115842451345,89.8720316436917,75.4529635799594,56.99860542645495,27.253136581012726,53.98144947334956,36.21893469182921,31.655933725112533,14.71685802218057,0.,16.686408652163088,38.059007530608646,58.453110997352006,81.18165211206852,76.97634305321219,55.94424122060875,44.44520058819967,9.248120737804994,18.315734409192157,70.38812648263993,101.25473644695572,107.41770829054047,86.17791746320188,112.90627945953392,96.57701416870856,85.0458277952687,98.40077225298403,94.45665445864414,92.11904461739068,94.99386722129503,108.26999166531685,100.74056562740132,94.50710995760124
41.70567587345617,68.18364595681524,78.54212139117733,101.69219746978526,80.11154427078766,116.69357243296189,91.9522338350027,70.9473709094187,46.26655295362777,38.648363539501474,58.499233347451295,64.0396856636275,74.75866972359438,61.222808232184505,49.059582975865254,13.49733176873642,37.37634663018279,24.347804341097376,27.271076780610578,20.67916710518877,16.686408652163088,0.,23.975134119271654,46.94449245431075,69.86738047481562,69.76952782997465,45.57610687958199,36.37511079986957,12.033245979797144,28.732084843798546,86.78948626571005,117.83287432403317,124.01583662628364,102.26275139299078,129.38040948112877,113.16161404337142,101.73048582581079,114.82958969411148,111.14303108726104,108.52907211519515,110.69559715419814,123.05115842271374,115.16223593989999,108.77819343318538
49.60637690835026,70.84706680319067,77.74097308458776,95.30421631455775,72.52223805781492,108.16901342690535,84.3444733716401,68.9415481876855,47.21143483157019,33.227045082468436,53.37043350958883,47.93635234927043,51.86058058142692,37.506453562341115,30.05553269357862,10.875343767307019,28.102808138384592,36.77279218358785,47.04853452418269,44.64014224835778,38.059007530608646,23.975134119271654,0.,23.92432853071527,46.468070930312905,50.03073355526582,23.82113031555272,19.73567624790739,35.90582094052861,40.88053494352286,103.43869979411518,135.0603948131408,144.008070718367,123.97650481221461,149.97983992546708,130.4862037236616,120.81276989326447,131.17418988353228,129.99518496387068,124.85944335190148,124.36467214710201,133.99104970720157,125.412391412814,118.84478265685674
70.70794124341533,87.91141469939299,92.01828639773395,103.84101787623297,81.41100486515019,113.95830817915899,92.33206929738142,82.9176139021568,65.20702096649086,49.61411377148192,66.45513630834081,49.962895961051856,38.3240702603127,22.047839482568637,13.923480877915447,33.46059157982572,43.07997477617134,59.99084960074512,70.96243992645563,67.46377431901931,58.453110997352006,46.94449245431075,23.92432853071527,0.,22.955571128848142,28.45347681215492,5.0512810716226095,17.080844923800317,58.36098500725646,54.99268781432339,115.95674608003239,147.35970460743405,159.34559241977908,141.76473321920687,166.00263573241637,142.98694294700115,135.46754823689915,142.5971391271773,144.2095311182443,136.41783823435276,133.15563539215074,139.7031994396557,130.6871005944789,124.16371225479534
89.84882083259605,103.1094592001436,104.67386317494733,110.91521568483932,90.0094819225223,118.08556420369551,99.47607330630917,95.73252952655457,82.13604298640671,66.54012640869763,79.58146329382336,56.280442805557776,31.043424458856254,20.976918883841957,27.530554848488574,56.372265516542335,59.87682847641069,81.24003331877093,93.1940118850571,90.41608603717154,81.18165211206852,69.86738047481562,46.468070930312905,22.955571128848142,0.,22.200893485602755,25.31788048810095,37.75724813247814,81.31608615693875,76.06050409538781,134.77648143203453,165.65371004312033,179.31311027387076,163.0844284959582,186.30687671568143,161.44940558599566,155.24203990369153,160.40288811767877,163.66113958225506,154.38387186264612,149.39583136652257,153.6729412644843,144.51318030882427,138.16564660135208
98.7580374390643,116.30820155636133,119.9512261222152,129.6135223103398,107.78261151754874,138.1131925124126,118.07315900690988,110.85567096504592,93.6582842859259,78.06456699276094,94.38658393640756,74.75158287737054,52.92244908564769,40.33141076945754,20.718532643237005,57.19822894232065,71.51315617032081,86.80080500687276,96.04525378955421,88.8658764174969,76.97634305321219,69.76952782997465,50.03073355526582,28.45347681215492,22.200893485602755,0.,26.516647918986717,33.42462360076839,79.63237158016716,67.14970445558609,120.43837713765603,150.30023043677303,166.04485559916336,152.44538278160496,173.51667716105302,146.33358042709813,141.92851310776086,144.56205629834042,149.7882517642808,138.7801155712656,132.16584186224856,134.69934076476252,125.5273489303884,119.35768573337863
72.25524391368117,90.65260486850656,95.33615488448669,108.04408358121471,85.49332244556979,118.47497872433794,96.56512701354674,86.25019766237762,67.61032273507476,52.204574183232,69.83875646289526,54.54634232820786,43.25237732489985,27.008569833552652,9.298852949466475,32.27345892234467,45.8236026969751,60.52079737499584,70.62580560829389,65.79559802957652,55.94424122060875,45.57610687958199,23.82113031555272,5.0512810716226095,25.31788048810095,26.516647918986717,0.,12.85641091304507,56.58938359265083,51.213652393369266,111.5881451650413,142.91004326616633,155.2886579035215,138.18449136907452,162.04955265952367,138.5665540426956,131.3438365482383,138.0589604381222,140.00716925294662,131.90256859635892,128.39599406910506,134.75521972312393,125.72674223747794,119.21016602388447
69.09441870166947,90.49442067541635,96.9130536750777,112.69731860355554,89.87776668905452,124.44794476570206,101.43466130120784,87.99014098853863,66.88868894576804,52.504016876707304,72.02431722861313,61.51243546043036,55.01181920058357,38.743377827081744,12.787750280976322,24.241780710528037,46.85362134482758,55.10249220245533,62.98764194838186,55.572748532880624,44.44520058819967,36.37511079986957,19.73567624790739,17.080844923800317,37.75724813247814,33.42462360076839,12.85641091304507,0.,46.3176760703492,38.40833246440366,98.88055794330127,130.27955350786803,142.4397116486987,125.4222350451279,149.1931506072564,125.90619684135011,118.50802745151294,125.53731082407755,127.1987358284315,119.35025180975933,116.31947534780505,123.4569035104063,114.5212988349356,107.96573901327346
44.39653137283265,71.80640642531068,83.4057925868097,108.42456265358771,87.72493732446624,124.0868826349698,99.33298698928095,76.58693626166178,51.957522404624484,47.35993324498891,65.88454478927488,74.69646803033027,86.75094160596316,73.2457834395893,59.10388958063325,25.20108252998181,47.27828864379963,27.17268807140686,22.83166910556432,9.259814227510299,9.248120737804994,12.033245979797144,35.90582094052861,58.36098500725646,81.31608615693875,79.63237158016716,56.58938359265083,46.3176760703492,0.,26.98255267862464,78.3090988794485,108.7184226927204,113.45450406857728,90.9410039390229,118.5091348962937,104.02983797777406,91.74777919722564,106.20564320814982,101.22053205648444,99.96858696257549,103.55026880007621,117.22257407190769,109.79569181193656,103.59995323874992
69.81279664359064,96.73078637066259,107.27294610349558,130.03095457933009,108.07364806360741,144.62706971556372,119.9928423586587,99.64708546679157,74.9938772128526,66.37690354517086,86.74876506099315,88.14622118134055,90.94495777771844,75.20816136811679,49.266238953849644,32.17829857958454,63.9059089747076,52.243704303938095,49.7849488235149,32.842613153883214,18.315734409192157,28.732084843798546,40.88053494352286,54.99268781432339,76.06050409538781,67.14970445558609,51.213652393369266,38.40833246440366,26.98255267862464,0.,62.62434679977746,94.26869576241764,104.53446578968476,87.0300097630051,111.05224319219448,89.72312252098175,80.84600810804959,90.29591953831387,89.81343031640942,83.98300122378465,83.93758883091789,94.99822477262259,86.86833752127342,80.41351061492512
120.78508034594864,147.92894430400534,160.49613696879194,186.5559246599154,166.03178050996274,202.37655734171142,177.63346803063766,154.33445025603828,129.99822892624672,125.22865270947621,144.1929624962827,149.99169309777432,153.15670947455936,137.14818318126197,107.26128546159728,94.1222588752671,124.13607311514865,104.7543257899447,94.64428022752394,76.60735254131659,70.38812648263993,86.78948626571005,103.43869979411518,115.95674608003239,134.77648143203453,120.43837713765603,111.5881451650413,98.88055794330127,78.3090988794485,62.62434679977746,0.,31.647470683030527,46.06217135767655,41.631152147576735,54.06373487216578,27.13350924509241,22.531443910554458,28.042607526981655,29.421762165222834,21.739935580650197,28.17570657117401,46.56161920162549,42.87547056678807,39.32339496062081
149.7466653849662,176.41161106342847,189.38943345685362,216.23004126784934,196.2696732836333,232.3636619596624,207.7090127795673,183.72534176029117,159.7781977038619,155.97857868165508,174.44101641971542,181.39074591839633,184.73780707722293,168.68676508656,138.21905308869816,125.64416430648176,155.20677499307962,134.45969698886876,123.14579829384039,106.00544082073989,101.25473644695572,117.83287432403317,135.0603948131408,147.35970460743405,165.65371004312033,150.30023043677303,142.91004326616633,130.27955350786803,108.7184226927204,94.26869576241764,31.647470683030527,0.,25.075857405037443,41.50581924590535,33.42129211014799,4.689245752811181,20.699125635824423,7.289502196563121,13.990963848575838,11.658236428608939,25.323819081270884,41.59933050782357,44.514561139416564,45.667554163285644
150.45842995266077,175.8030098698811,189.29509165186158,217.33346002839534,198.85635600200783,234.0096702396098,209.78630818077383,184.63648219950906,161.85170462020164,160.46634689105952,177.3277468242383,188.00497851308828,195.2930157986313,179.71341722313352,151.816721757552,133.7862599417101,160.73263795081138,136.91939076719692,123.80948989699195,108.81482668423907,107.41770829054047,124.01583662628364,144.008070718367,159.34559241977908,179.31311027387076,166.04485559916336,155.2886579035215,142.4397116486987,113.45450406857728,104.53446578968476,46.06217135767655,25.075857405037443,0.,27.59713949277005,8.625254111418343,25.79142656093177,24.134416728835973,32.102180145279924,16.948949171240713,34.190473500220094,50.026749436210864,66.59877333676016,69.50426434070154,70.24868666790272
124.94353225207462,149.56200196560818,163.18220079742423,191.5819332877137,173.8794754803823,208.42769931599474,184.50261207709406,158.95962231526923,136.8913306017185,136.88723475758255,152.65618879556274,165.5166277178799,175.81875056184543,160.86915751187342,136.06726482331317,113.32256006028442,137.81971972277583,112.45851296176093,98.5925897682228,85.13673212785403,86.17791746320188,102.26275139299078,123.97650481221461,141.76473321920687,163.0844284959582,152.44538278160496,138.18449136907452,125.4222350451279,90.9410039390229,87.0300097630051,41.631152147576735,41.50581924590535,27.59713949277005,0.,29.348730642775877,38.886561569160385,23.76301303517186,45.81491276404346,27.514947878959983,43.80065652552218,59.96046815944381,79.35943033148152,79.15031847633625,77.56510918424728
154.08149953811235,178.88660156011045,192.48917232886382,220.81582839236737,202.84843125105996,237.61868072494096,213.59079197968472,188.16390341149082,165.83139010111265,165.16126045766038,181.48490054533386,193.19622009579865,201.50742209248995,186.0829071110658,158.86342697569526,139.60318434675565,165.71966425114846,141.15201693201243,127.5986977242759,113.37336251757557,112.90627945953392,129.38040948112877,149.97983992546708,166.00263573241637,186.30687671568143,173.51667716105302,162.04955265952367,149.1931506072564,118.5091348962937,111.05224319219448,54.06373487216578,33.42129211014799,8.625254111418343,29.348730642775877,0.,34.37522897293189,31.733073361135574,40.552130974773426,25.375478560525075,42.8081635972971,58.541532574964975,74.73981250865502,77.92817298075072,78.80311384661726
145.0902947345373,171.78142178094066,184.7415909683983,211.55433490365428,191.5815222583898,227.68025373234138,203.02330714030182,179.05694998732483,155.09667627460186,151.29320406607852,169.7524752157967,176.74824998437558,180.28130904036246,164.25483392122194,133.9858293415525,121.03044079172993,150.5340506137992,129.7779514571778,118.50199363154661,101.32689871447917,96.57701416870856,113.16161404337142,130.4862037236616,142.98694294700115,161.44940558599566,146.33358042709813,138.5665540426956,125.90619684135011,104.02983797777406,89.72312252098175,27.13350924509241,4.689245752811181,25.79142656093177,38.886561569160385,34.37522897293189,0.,16.83965865447408,7.112307659868959,11.81763404945121,8.627383875912946,24.33142855692001,42.03729133238436,43.98834832143214,44.467654974590765
131.1157507212299,157.37282151403994,170.55994748081898,197.9076018488733,178.5465263718476,214.28940248625975,189.7808373372068,165.26463318489772,141.7384413446106,139.08152496172067,156.80680768845392,165.74801452428596,171.76115957592515,156.05051656257254,127.73241359800909,110.8126461994855,138.8688597022483,116.50090895527659,104.3892285207658,88.05420492279397,85.0458277952687,101.73048582581079,120.81276989326447,135.46754823689915,155.24203990369153,141.92851310776086,131.3438365482383,118.50802745151294,91.74777919722564,80.84600810804959,22.531443910554458,20.699125635824423,24.134416728835973,23.76301303517186,31.733073361135574,16.83965865447408,0.,23.07375182351443,9.490800023843141,20.172572214527847,36.198806993322734,55.622695066781674,55.486352037892935,54.22681334082225
148.10778442403804,175.0343596259118,187.81999835380282,214.24549742993693,193.92008514336047,230.19024335499822,205.47139875713984,181.88812190613547,157.70305334659628,153.23798980349218,172.07730385094806,177.96763296895378,180.2458007165655,164.11184709576023,133.06321700384356,122.03400839892356,152.17866908665772,132.40682902521036,121.6874667823698,104.07668968834815,98.40077225298403,114.82958969411148,131.17418988353228,142.5971391271773,160.40288811767877,144.56205629834042,138.0589604381222,125.53731082407755,106.20564320814982,90.29591953831387,28.042607526981655,7.289502196563121,32.102180145279924,45.81491276404346,40.552130974773426,7.112307659868959,23.07375182351443,0.,18.929294565563453,6.325435597674614,18.054227548018943,35.01650353311301,37.402216626007544,38.392847618664504
140.54009713460928,166.7215438085851,179.94450360882013,207.3540586133904,188.03193650878168,223.75495702596086,199.25712530818248,174.7014078428176,151.21351742234765,148.56084132391084,166.29545790726988,175.1415484376658,180.75837201177856,164.97007849014656,136.13161308913755,120.07615128615522,148.3162253565199,125.98333758959699,113.80682868519675,97.54122205931635,94.45665445864414,111.14303108726104,129.99518496387068,144.2095311182443,163.66113958225506,149.7882517642808,140.00716925294662,127.1987358284315,101.22053205648444,89.81343031640942,29.421762165222834,13.990963848575838,16.948949171240713,27.514947878959983,25.375478560525075,11.81763404945121,9.490800023843141,18.929294565563453,0.,18.782966947779904,35.4086063914703,53.7317280742552,55.163852566624456,55.03322814388444
142.03830737852357,169.02657705031558,181.75683831184847,208.08114774769155,187.6908612339829,223.98746656872157,199.25978231717056,175.76112181392995,151.53016377619124,146.95899791362822,165.84869491247463,171.64262273643757,174.01034046633887,157.8915810566382,127.00401513104482,115.70891589954509,145.87204146019153,126.24585654149443,115.67977856910261,97.95719428404846,92.11904461739068,108.52907211519515,124.85944335190148,136.41783823435276,154.38387186264612,138.7801155712656,131.90256859635892,119.35025180975933,99.96858696257549,83.98300122378465,21.739935580650197,11.658236428608939,34.190473500220094,43.80065652552218,42.8081635972971,8.627383875912946,20.172572214527847,6.325435597674614,18.782966947779904,0.,16.677841913007676,35.61145701388839,36.4150752264879,36.320883377530215
147.12843359858238,174.48422721496598,186.69329217740608,211.90670328691425,190.74409440735116,227.2913692807138,202.52252577004612,180.115748897427,155.50667664572316,149.3333874557148,169.00987537719809,172.03323910427545,171.33116974051063,155.0559903549074,122.53449307596246,116.11585642908618,147.5138184414847,130.54188997189044,121.50152749028098,103.00017008603587,94.99386722129503,110.69559715419814,124.36467214710201,133.15563539215074,149.39583136652257,132.16584186224856,128.39599406910506,116.31947534780505,103.55026880007621,83.93758883091789,28.17570657117401,25.323819081270884,50.026749436210864,59.96046815944381,58.541532574964975,24.33142855692001,36.198806993322734,18.054227548018943,35.4086063914703,16.677841913007676,0.,19.675498454798294,19.755467804052543,20.344184922435083
161.4543353310154,188.90562031846125,200.61674521716807,224.7430209940289,203.01052759507306,239.5868499446523,214.9065963603246,193.59032704741333,168.84470949819948,161.33060999259752,181.52884256541773,181.9261018483341,178.0075555820088,161.74984130505007,127.90282036857403,126.76963517360244,158.8607706872645,144.39524510241836,136.64221767569376,117.81239199507472,108.26999166531685,123.05115842271374,133.99104970720157,139.7031994396557,153.6729412644843,134.69934076476252,134.75521972312393,123.4569035104063,117.22257407190769,94.99822477262259,46.56161920162549,41.59933050782357,66.59877333676016,79.35943033148152,74.73981250865502,42.03729133238436,55.622695066781674,35.01650353311301,53.7317280742552,35.61145701388839,19.675498454798294,0.,9.174920526782051,15.558932439853441
154.14666134995664,181.58633139646236,193.08758525186346,216.81966155767668,194.94184143017335,231.49258617511094,206.85884212387722,185.91000552890313,161.15660081112372,153.2452251562353,173.56002485409792,173.32907273233553,168.97590459490283,152.72959951513332,118.80481882598622,118.42168757845586,150.61000691089788,136.9450892610281,129.75385098242938,110.84590197142883,100.74056562740132,115.16223593989999,125.412391412814,130.6871005944789,144.51318030882427,125.5273489303884,125.72674223747794,114.5212988349356,109.79569181193656,86.86833752127342,42.87547056678807,44.514561139416564,69.50426434070154,79.15031847633625,77.92817298075072,43.98834832143214,55.486352037892935,37.402216626007544,55.163852566624456,36.4150752264879,19.755467804052543,9.174920526782051,0.,6.578572843281082
147.9796086284803,175.4055403450506,186.81837742398432,210.40450368376798,188.48341203838902,225.0239213153612,200.40560811830593,179.58408992278873,154.83289835882587,146.78670908219746,167.13509911964317,166.7580173455156,162.46181489250327,146.20880803146022,112.3444772000914,111.89708675842368,144.10538717686507,130.72436060590874,123.79180751918021,104.8622011209687,94.50710995760124,108.77819343318538,118.84478265685674,124.16371225479534,138.16564660135208,119.35768573337863,119.21016602388447,107.96573901327346,103.59995323874992,80.41351061492512,39.32339496062081,45.667554163285644,70.24868666790272,77.56510918424728,78.80311384661726,44.467654974590765,54.22681334082225,38.392847618664504,55.03322814388444,36.320883377530215,20.344184922435083,15.558932439853441,6.578572843281082,0.